181 6666666 66666666.

COD. 161661.

663. 1666.

666. 61666616.

667. 611616.

666. abire.

636. V. Bruti.

636. 161666.

613. 11666111.

666. 16161 1166166666 dyadema.
666. 6661661666.

666. 166166.

666. 1161166.

666. 1616.

676. 116661616.

671. 1666666666. 116661 666666.

676. 6666661116.

673. N. est 6666616616.

676. 66161.

666. amore.

696. 6616616.

761. ex 66616 666666.

766. conjux.

716. ministrent.

766. 1616. 11666661.

761. procreat.

763. 666666661116.

711. Hunc versum 61 sequentes, 16
66661916166666616666666.
Valent. deprompsimus.

666. 6666. ’

666. 6611666616.

631. adit.

636. stuta 6666666166.
636. 166666.

613. 1166661661 66111.
611. Q. regit.

616. Τ, 1166166.

656. Ρ. m. Choy·li.
666. Deest Quod. -1116,
656. 1661661.

663. Cujus.

676. 6666166611.

671. ln 6661616 linguis.
676. 6666661116.

673. 116666, passim.
667. carissime.

636. retempta.

766. F. 166611.

763. 116616 66661661.
766. quam 66116616.
716. procerum tandem.
763. 6666661116.

736. 1166616666.
767. 116666. 11666.
716. Deest 666666.

716. 666661.
717. cerebro.

7661161616.

766. 1666-616666666661.

751. 7661666666.

766. 6616666661.

765. 0. q. 666 6616.

766. Quam.

771. p. tanta.

777. 6666616.

776. 6666111161 num.

766. 66661 in.

763. Ρ. pro 66661116, 61 q. mo
nosse.

7666. Francorum rex 6611,
11116.

7671666.

861. 6166111666.

667. 6666661161.

 

