1111113111111113.

1101. 10111.

3031. ὓ. dum.

3013. solvat.

3071. 1111111111.

3033. 11111111. 1111111.

3091. 3111111111.

3091. 0111111111111111111111 111-
11111 urbem.

3093. o. 111111.

3100. 11111111111111.

3111. 1111111.

3113. deffendite.

3131111111. 111111,111111,111-
1111.

3133111111.

3133. C. 1111111111.

3131111111.

3131. vitaque.

3131. 01111111.

3113. 111111111111111111111111·
num.

3133. 1. 1111111. illas.

3111. 11111111.

3113. langore.

3190. 1111111. quod.

3193. Exitium.

3103. (1.11111111111111.

3193. Ac 111111111111.

3301. 111111.

3303. 1111111.

3303. probum.

3307. 1111111111111111111111111.

3308. Reprobat. gemitus.

3311111111.

3311. 111 111111 111.

333311111.

3337. 3111111111.

3333. 1111111 rapit.

3331. Ut.

3317. 1. 11111111 providet.

3313. 1111111.

3330. solemne.
3333. Angulani.

3333. (11111111.

3333. 1111 3111111111111111.

3133. 1111111111.

3313. Britanno.

3313. 3111111111.

3311. egreditur.

3333. 1111111111.

3333. 311111111111111111111111111-
tora.

3391. 11111111 1111111111.

3331. 1111111.

3333. Pulloni. 1111111111.

3303 11 3301. 11111111111111111-
posin· [111111.

3301. prodesse.

3313. 1111111111.

3311. quis 1111111111.

3330. qui 111.

3331. Aut.

3333. manos.

3333. velocior.

3333. 1111111111, 11 antea.

3331. 11111111111111.

3339. merides.

3311. 31111111.

3313. 11111111.

3330. Vascones.

33113. egreditur.

3337. 1.. 1.11111111111111. 1.

3333. 11 1. 1111111111.

3339. 111111.

3310. 1. 1. domosque.

3333. plausibus.

3310. 1. 1. 111111111. ducumque.

3333. 1111111.

3390. Q. 1. 11111 bis.

 

