811188811111118.

⁰⁰⁰. 10111.

1718. 8181188118.

1781. 18388118.

1788. dyadema, 8888188.

1718. annia.

1711. 3888818888.

1788. pessimun.

1778. primia.

1771. cespitis.

1781. sceptrum capa.

1781. 8888188.

1781. muntii.

1⁰⁰⁰. 1881188888.

1818. Succumbit.

1888. 18.

1818. 811.

1817. 8831888188.

1881. 1881188.

1781. adducere.

1881. 118881 vernas.

1881. Q’.

1818. ispiciens.

1888. n. 183811.

1888. didiscerunt.

1871. nulli motimur.

1871. 18188188.

1878. 18881881.

1881. 081818.

1888. 118.

1888. 71. 8838888 quod 18 88388818
8838188.

1888. ⁰. 818. num 81 8188.

1888. 11881388.

1888. injuste.

1818. 1888181118 88118.

1811. Pei-petrano.

1811. nusquam Ramista.

1818. 1181111888. 81818318881188.

1811. ⁰ 8. 81111 8. 8888 p. 818.

1117. 1. c. 8188, 888 ragnum.

1818. 8. 8. qua.
1881. 118881 nerana.
⁰. 71. 1188818818188.
181118888τί88 fratrea adeunt
du⁰; 883888
Dux 811111.,8881118.
1818. 18888888188881188888881818·
1181118181888881188811888.
1888. jungit.
1881. 111888881881888881118888818.
1888. Nuttum ibi 811888.
1878. byndoen.
1878. 81888818.
1877. 111188. snei 8. 8117.
1888. Vannius. 1181388811.
1188. 78181. 11.
1888. Post 1888 vorsum 183888 881.Ι

Qum 18818 8888881 laniarat taaba 8888188.

1888. 1818188188 p. 8.

8111. tianius. ,1118881181818888

8111. vacat. [nitur.

8111. mittat.

8111. 18 aula 888 vota 1838. Timor
81 1888881188,

8118. 11881118.

8188. 18188118888888188.

8181. 1818888888.

8188. Continui,

8188. 8188381.

8181. 181888888.

8187. marta.

8188. 1181188888 8888183818.

8111. 8818188881.

81181811388888. 8188888188.

8181. parare.

8188. 88818888138111.

8187. 18888888.

8111. 1181888181 18 8838888.

 

